10 5
57 50
L 1671992761617 3 7 5 0 5 0 1 1
+ 1671992746052 24 5 0 3 0 3 1 1 0 -1
+ 1671992775375 12 5 2 4 2 4 1 1 0 -1
g 1671992751278 0 0 3 2 3 2 1 1
m 1671992756104 0 0 4 1 4 1 1 1
g 1671992756932 0 0 4 0 4 0 1 1
g 1671992758025 0 0 3 1 3 1 1 1
m 1671992758366 0 0 7 0 7 0 1 1
m 1671992758366 0 0 2 3 2 3 1 1
g 1671992758553 0 0 3 0 3 0 1 1
g 1671992763174 0 0 2 2 2 2 1 1
m 1671992763174 0 0 7 3 7 3 1 1
m 1671992763358 0 0 7 1 7 1 1 1
m 1671992764313 0 0 8 2 8 2 1 1
m 1671992764313 0 0 8 1 8 1 1 1
g 1671992764500 0 0 2 0 2 0 1 1
m 1671992764500 0 0 7 4 7 4 1 1
m 1671992764500 0 0 8 0 8 0 1 1
g 1671992764500 0 0 0 4 0 4 1 1
m 1671992764500 0 0 9 0 9 0 1 1
m 1671992764689 0 0 7 2 7 2 1 1
g 1671992764891 0 0 1 1 1 1 1 1
m 1671992764891 0 0 6 4 6 4 1 1
g 1671992764891 0 0 0 2 0 2 1 1
g 1671992765093 0 0 1 0 1 0 1 1
g 1671992765294 0 0 0 1 0 1 1 1
m 1671992765497 0 0 8 3 8 3 1 1
m 1671992765497 0 0 9 1 9 1 1 1
m 1671992765497 0 0 6 3 6 3 1 1
m 1671992765713 0 0 5 4 5 4 1 1
m 1671992765713 0 0 9 2 9 2 1 1
m 1671992765900 0 0 6 2 6 2 1 1
g 1671992765900 0 0 0 0 0 0 1 1
m 1671992766291 0 0 8 4 8 4 1 1
m 1671992766493 0 0 9 3 9 3 1 1
m 1671992767151 0 0 4 4 4 4 1 1
m 1671992767962 0 0 6 1 6 1 1 1
m 1671992767962 0 0 9 4 9 4 1 1
g 1671992782643 0 0 1 4 1 4 1 1
m 1671992783110 0 0 5 2 5 2 1 1
m 1671992783110 0 0 5 3 5 3 1 1
g 1671992784425 0 0 2 1 2 1 1 1
g 1671992785006 0 0 1 3 1 3 1 1
g 1671992785225 0 0 1 2 1 2 1 1
m 1671992785225 0 0 6 0 6 0 1 1
m 1671992785225 0 0 5 1 5 1 1 1
g 1671992794701 0 0 3 3 3 3 1 0
m 1671992794702 0 0 4 3 4 3 1 1
g 1671992794904 0 0 4 2 4 2 1 0
b 1675521573913 0 0 3 4 3 4 1 0
